$ 1 0.000005 9.001713130052181 50 5 43 5e-11
165 256 160 288 160 6 0
v 320 64 320 96 0 0 40 5 0 0 0.5
w 320 96 320 112 0
w 320 112 320 128 0
w 384 192 384 112 0
w 384 112 320 112 0
w 256 192 240 192 0
w 256 256 240 256 0
w 256 288 240 288 0
w 240 288 240 256 0
r 240 256 240 192 0 100
r 240 192 240 112 0 160
w 240 112 320 112 0
c 240 288 240 368 4 0.00001 3.2465496988024127 0.001 0
c 320 320 320 368 4 1e-8 3.333333333333337 0.001 0
w 352 368 320 368 0
g 352 368 352 384 0 0
g 320 64 320 48 0 0
w 240 368 320 368 0
w 352 320 368 320 0
w 368 320 368 368 0
w 368 368 352 368 0
