$ 1 0.000005 10.20027730826997 50 5 43 5e-11
a 256 176 320 176 9 5 0 1000000 2.4999783339833184 2.5 100000
v 80 448 80 416 0 0 40 5 0 0 0.5
g 80 448 80 464 0 0
w 80 416 112 416 0
r 112 416 160 416 0 14000
w 160 416 176 416 0
w 176 416 192 416 0
r 192 416 240 416 0 1000
g 240 416 256 416 0 0
w 256 160 240 160 0
w 240 160 224 160 0
w 256 192 240 192 0
w 240 192 208 192 0
r 224 160 176 160 0 10000
r 240 160 240 112 0 10000
g 240 112 240 96 0 0
v 80 160 112 160 0 0 40 5 0 0 0.5
g 80 160 64 160 0 0
w 112 160 176 160 0
w 320 176 336 176 0
w 336 176 384 176 0
r 208 192 208 240 0 10000
w 336 176 336 272 0
w 336 272 256 272 0
r 256 272 240 208 0 10000
w 240 208 240 192 0
a 320 336 384 336 9 5 0 1000000 0.33335499978333555 0.33333333333333337 100000
w 384 336 384 400 0
w 384 400 304 400 0
w 304 400 304 352 0
w 304 352 320 352 0
w 176 416 176 320 0
w 176 320 320 320 0
w 384 336 384 288 0
w 384 288 208 288 0
w 208 288 208 240 0
