$ 1 0.000005 8.281975887399955 50 5 43 5e-11
v 176 384 176 336 0 0 40 5 0 0 0.5
g 176 384 176 400 0 0
a 192 160 288 160 9 5 0 1000000 0.3124968750312497 0 100000
w 128 176 128 144 0
w 128 144 192 144 0
v 128 256 128 208 0 1 10 0.3 0.3 0 0.5
g 128 256 128 272 0 0
r 176 336 240 336 0 15000
w 240 336 256 336 0
w 256 336 272 336 0
r 272 336 336 336 0 1000
g 336 336 352 336 0 0
w 256 336 256 288 0
a 272 256 368 256 9 15 -15 1000000 0.3124968750312497 0.3125 100000
w 256 288 256 240 0
w 256 240 272 240 0
w 272 272 272 288 0
w 272 288 272 304 0
w 272 304 368 304 0
w 368 304 368 256 0
w 368 256 368 224 0
w 368 224 192 208 0
w 192 208 192 176 0
w 288 160 288 64 0
155 368 64 416 64 0 0
w 320 96 368 96 0
w 288 64 336 64 0
w 464 64 496 64 0
w 336 64 368 64 0
w 336 64 336 32 0
w 336 32 528 32 0
w 624 48 704 48 0
d 704 48 704 96 2 default
w 528 32 560 32 0
153 496 80 544 80 0 2 5 5
g 496 96 480 96 0 0
150 560 48 624 48 0 2 0 5
w 544 80 560 64 0
w 544 208 608 208 0
150 608 192 672 192 0 2 0 5
g 496 144 480 144 0 0
153 496 160 544 160 0 2 5 5
w 576 176 608 176 0
d 704 192 704 144 2 default
w 672 192 704 192 0
w 512 208 544 208 0
155 416 208 464 208 0 0
w 320 96 416 240 0
w 336 64 416 208 0
w 576 176 560 176 0
w 544 160 560 176 0
w 416 208 416 176 0
w 416 176 496 176 0
w 704 96 704 144 0
w 160 64 144 64 0
w 160 16 160 64 0
w 144 16 160 16 0
w 32 64 112 64 0
g 112 -240 112 -256 0 0
g 144 64 144 80 0 0
w 144 64 112 64 0
c 112 16 112 64 4 1e-8 3.333333333333337 0.001 0
c 32 -16 32 64 4 0.00001 2.4284765560234645 0.001 0
w 32 -192 112 -192 0
r 32 -112 32 -192 0 160
r 32 -48 32 -112 0 100
w 32 -16 32 -48 0
w 48 -16 32 -16 0
w 48 -48 32 -48 0
w 48 -112 32 -112 0
w 176 -192 112 -192 0
w 176 -112 176 -192 0
w 112 -192 112 -176 0
w 112 -208 112 -192 0
v 112 -240 112 -208 0 0 40 5 0 0 0.5
165 48 -144 80 -144 6 0
w 1296 64 1312 64 0
150 1312 80 1376 80 0 2 0 5
153 1248 64 1296 64 0 2 5 5
w 1232 112 1312 96 0
w 1136 80 1248 80 0
w 1136 112 1136 80 0
155 1136 112 1184 112 0 0
w 848 16 928 16 0
r 848 144 848 16 0 10000
w 960 144 848 144 0
w 1024 256 1024 272 0
w 1072 256 1024 256 0
w 1072 208 1072 256 0
c 1024 208 1024 256 4 1e-8 3.333333333333337 0.001 0
g 1024 272 1024 288 0 0
w 1024 256 928 256 0
w 1056 208 1072 208 0
c 928 176 928 256 4 4.7000000000000005e-7 0.0004998500609684185 0.001 0
w 1024 16 928 16 0
r 928 64 928 32 0 100000
w 928 80 928 176 0
w 960 80 928 80 0
w 960 176 928 176 0
w 1088 112 1136 112 0
w 1088 16 1024 16 0
w 1088 80 1088 16 0
g 1024 -48 1024 -64 0 0
w 1024 0 1024 16 0
w 1024 -16 1024 0 0
v 1024 -48 1024 -16 0 0 40 5 0 0 0.5
165 960 48 992 48 6 0
153 752 128 800 128 0 2 5 5
w 704 144 752 144 0
g 752 112 736 112 0 0
w 848 144 800 128 0
155 1424 48 1472 48 0 0
w 1424 48 1424 -96 0
w 288 64 288 -96 0
w 320 96 256 96 0
w 256 96 256 -80 0
w 256 -80 176 -80 0
w 288 -96 1424 -96 0
w 256 -80 1120 -80 0
w 1136 144 1120 144 0
w 1120 144 1120 -80 0
g 656 688 672 688 0 0
w 624 496 640 496 0
w 624 432 640 432 0
w 624 368 640 368 0
w 960 512 688 512 0
w 960 384 960 512 0
w 912 448 688 448 0
w 912 384 912 448 0
w 688 384 864 384 0
159 976 352 976 416 2 20 10000000000 2.5
159 928 352 928 416 2 20 10000000000 2.5
159 880 352 880 416 2 20 10000000000 2.5
r 976 352 1024 352 0 100000
r 928 352 976 352 0 100000
r 880 352 928 352 0 100000
r 832 352 880 352 0 100000
w 624 432 624 368 0
w 624 496 624 432 0
w 624 624 624 496 0
w 592 448 528 448 0
w 480 496 480 688 0
w 480 432 480 496 0
w 480 368 480 432 0
r 480 496 528 496 0 7500
r 528 496 576 496 0 2500
w 528 496 528 512 0
w 528 512 592 512 0
w 592 512 640 528 0
g 576 496 592 496 0 0
r 480 432 528 432 0 5000
r 528 432 576 432 0 5000
w 528 432 528 448 0
w 592 448 640 464 0
g 576 432 592 432 0 0
g 576 368 592 368 0 0
w 592 384 640 400 0
w 528 384 592 384 0
w 528 368 528 384 0
r 528 368 576 368 0 7500
r 480 368 528 368 0 2500
a 640 512 688 512 9 5 0 1000000 1.25 4.9750000000000005 100000
a 640 448 688 448 9 5 0 1000000 2.5 4.9750000000000005 100000
a 640 384 688 384 9 5 0 1000000 3.75 4.9750000000000005 100000
w 624 672 624 624 0
w 480 688 592 688 0
174 592 688 640 688 1 10000 0.005 Resistance
g 480 720 480 736 0 0
v 480 720 480 688 0 0 40 5 0 0 0.5
w 928 16 880 64 0
w 880 64 880 256 0
w 880 256 816 256 0
w 816 256 816 352 0
w 816 352 832 352 0
w 1024 352 1024 320 0
w 1024 320 896 320 0
w 896 320 896 80 0
w 896 80 928 80 0
w 1024 352 1024 416 0
w 1024 416 976 416 0
w 976 416 928 416 0
w 928 416 880 416 0
v 32 176 64 176 0 0 40 5 0 0 0.5
g 32 176 16 176 0 0
s 64 176 128 176 0 1 false
w 1248 48 1232 48 0
w 1232 -112 1232 48 0
w 1216 -272 1120 -336 0
w 1216 -224 1216 -272 0
w 1120 -224 1216 -224 0
w 1120 -240 1120 -224 0
w 1120 -256 1120 -240 0
w 1104 -288 1120 -288 0
w 1104 -240 1104 -288 0
a 1120 -272 1216 -272 9 15 -15 1000000 0.3124968750312497 0.3125 100000
w 1104 -192 1104 -240 0
g 1184 -192 1200 -192 0 0
r 1120 -192 1184 -192 0 1000
w 1104 -192 1120 -192 0
w 1088 -192 1104 -192 0
r 1024 -192 1088 -192 0 15000
g 1024 -144 1024 -128 0 0
v 1024 -144 1024 -192 0 0 40 5 0 0 0.5
a 1120 -352 1216 -352 9 5 0 1000000 0.3124968750312497 0 100000
s 1056 -368 1120 -368 0 1 false
g 1024 -368 1008 -368 0 0
v 1024 -368 1056 -368 0 0 40 5 0 0 0.5
155 1248 -352 1296 -352 0 0
w 1120 -80 1232 -160 0
w 1232 -160 1232 -320 0
w 1248 -320 1232 -320 0
w 1248 -352 1216 -352 0
w 1248 -352 1248 -384 0
153 1296 -400 1344 -400 0 2 5 5
g 1296 -416 1280 -416 0 0
w 1248 -384 1296 -384 0
150 1376 -368 1440 -368 0 2 0 5
w 1344 -352 1376 -352 0
w 1376 -384 1344 -400 0
w 1440 -368 1456 -368 0
d 1376 80 1392 80 2 default
w 1392 80 1424 80 0
w 1392 80 1456 -368 0
w 1120 -368 1072 -336 0
w 1072 -336 976 -336 0
w 976 -336 976 -112 0
w 976 -112 1232 -112 0
o 4 16 0 x283013 2.098832655154328 0.0001 0 4 8 0.5 0 4 3 0.000049999999999999996 0 21 0 0.5 0 21 3 0.000049999999999999996 0
o 53 16 0 4099 0.0000762939453125 0.00009765625 1 2 53 3
o 99 128 0 4099 5 0.00009765625 2 2 99 3
