$ 1 0.000005 10.20027730826997 50 5 43 5e-11
v 144 272 144 240 0 0 40 5 0 0 0.5
g 144 272 144 288 0 0
174 256 240 304 240 1 10000 0.005 Resistance
w 144 240 256 240 0
w 288 224 288 176 0
a 304 -64 352 -64 9 5 0 1000000 3.75 4.9750000000000005 100000
a 304 0 352 0 9 5 0 1000000 2.5 4.9750000000000005 100000
a 304 64 352 64 9 5 0 1000000 1.25 4.9750000000000005 100000
r 144 -80 192 -80 0 2500
r 192 -80 240 -80 0 7500
w 192 -80 192 -64 0
w 192 -64 256 -64 0
w 256 -64 304 -48 0
g 240 -80 256 -80 0 0
g 240 -16 256 -16 0 0
w 256 0 304 16 0
w 192 -16 192 0 0
r 192 -16 240 -16 0 5000
r 144 -16 192 -16 0 5000
g 240 48 256 48 0 0
w 256 64 304 80 0
w 192 64 256 64 0
w 192 48 192 64 0
r 192 48 240 48 0 2500
r 144 48 192 48 0 7500
w 144 -80 144 -16 0
w 144 -16 144 48 0
w 144 48 144 240 0
w 256 0 192 0 0
w 288 176 288 48 0
w 288 48 288 -16 0
w 288 -16 288 -80 0
v 416 -96 448 -96 0 0 40 5 0 0 0.5
g 416 -96 400 -96 0 0
216 448 -96 496 -96 0 0.01
r 496 -96 544 -96 0 100000
r 544 -96 592 -96 0 100000
r 592 -96 640 -96 0 100000
r 640 -96 688 -96 0 100000
g 688 -96 704 -96 0 0
159 544 -96 544 -32 2 20 10000000000 2.5
159 592 -96 592 -32 2 20 10000000000 2.5
159 640 -96 640 -32 2 20 10000000000 2.5
g 544 -32 544 -16 0 0
g 592 -32 592 -16 0 0
g 640 -32 640 -16 0 0
w 352 -64 528 -64 0
w 576 -64 576 0 0
w 576 0 352 0 0
w 624 -64 624 64 0
w 624 64 352 64 0
w 288 -80 304 -80 0
w 288 -16 304 -16 0
w 288 48 304 48 0
g 320 240 336 240 0 0
o 4 16 0 4099 10 0.00009765625 0 8 4 3 21 0 21 3 28 0 28 3 11 0 11 3
