$ 1 0.000005 14.235633750745258 50 5 43 5e-11
v 176 384 176 336 0 0 40 5 0 0 0.5
g 176 384 176 400 0 0
a 192 160 288 160 9 5 0 1000000 0.3124968750312497 0.4171084748154432 100000
w 128 176 128 144 0
w 128 144 192 144 0
v 128 224 128 176 0 1 5 0.3 0.3 0 0.5
g 128 224 128 240 0 0
r 176 336 240 336 0 15000
w 240 336 256 336 0
w 256 336 272 336 0
r 272 336 336 336 0 1000
g 336 336 352 336 0 0
w 256 336 256 288 0
a 272 256 368 256 9 15 -15 1000000 0.3124968750312497 0.3125 100000
w 256 288 256 240 0
w 256 240 272 240 0
w 272 272 272 288 0
w 272 288 272 304 0
w 272 304 368 304 0
w 368 304 368 256 0
w 368 256 368 224 0
w 368 224 192 208 0
w 192 208 192 176 0
w 288 160 288 64 0
155 368 64 416 64 0 5
w 320 96 368 96 0
w 288 64 336 64 0
w 464 64 496 64 0
w 336 64 368 64 0
w 336 64 336 32 0
w 336 32 528 32 0
w 624 48 704 48 0
d 704 48 704 96 2 default
w 528 32 560 32 0
153 496 80 544 80 0 2 0 5
g 496 96 480 96 0 0
150 560 48 624 48 0 2 0 5
w 544 80 560 64 0
w 544 208 608 208 0
150 608 192 672 192 0 2 0 5
g 496 144 480 144 0 0
153 496 160 544 160 0 2 0 5
w 576 176 608 176 0
d 704 192 704 144 2 default
w 672 192 704 192 0
w 512 208 544 208 0
155 416 208 464 208 0 5
w 320 96 416 240 0
w 336 64 416 208 0
w 576 176 560 176 0
w 544 160 560 176 0
w 416 208 416 176 0
w 416 176 496 176 0
w 704 96 704 144 0
w 160 64 144 64 0
w 160 16 160 64 0
w 144 16 160 16 0
w 32 64 112 64 0
g 112 -240 112 -256 0 0
g 144 64 144 80 0 0
w 144 64 112 64 0
c 112 16 112 64 4 1e-8 3.333333333333337 0.001 0
c 32 -16 32 64 4 0.00001 2.585224624563418 0.001 0
w 32 -192 112 -192 0
r 32 -112 32 -192 0 160
r 32 -48 32 -112 0 100
w 32 -16 32 -48 0
w 48 -16 32 -16 0
w 48 -48 32 -48 0
w 48 -112 32 -112 0
w 176 -192 112 -192 0
w 176 -112 176 -192 0
w 112 -192 112 -176 0
w 112 -208 112 -192 0
v 112 -240 112 -208 0 0 40 5 0 0 0.5
165 48 -144 80 -144 6 4.999999950000001
w 1296 64 1312 64 0
150 1312 80 1376 80 0 2 0 5
153 1248 64 1296 64 0 2 0 5
w 1232 112 1312 96 0
g 1248 48 1232 48 0 0
w 1136 80 1248 80 0
w 1136 112 1136 80 0
155 1136 112 1184 112 0 5
w 848 16 928 16 0
r 848 144 848 16 0 10000
w 960 144 848 144 0
w 1024 256 1024 272 0
w 1072 256 1024 256 0
w 1072 208 1072 256 0
c 1024 208 1024 256 4 1e-8 3.333333333333337 0.001 0
g 1024 272 1024 288 0 0
w 1024 256 928 256 0
w 1056 208 1072 208 0
c 928 176 928 256 4 4.7000000000000005e-7 1.0799937908497934 0.001 0
w 1024 16 928 16 0
r 928 80 928 16 0 100000
w 928 80 928 176 0
w 960 80 928 80 0
w 960 176 928 176 0
w 1088 112 1136 112 0
w 1088 16 1024 16 0
w 1088 80 1088 16 0
g 1024 -48 1024 -64 0 0
w 1024 0 1024 16 0
w 1024 -16 1024 0 0
v 1024 -48 1024 -16 0 0 40 5 0 0 0.5
165 960 48 992 48 6 4.999999950000001
153 752 128 800 128 0 2 5 5
w 704 144 752 144 0
g 752 112 736 112 0 0
w 848 144 800 128 0
155 1376 48 1424 48 0 0
w 1376 48 1376 -96 0
w 288 64 288 -96 0
w 320 96 256 96 0
w 256 96 256 -80 0
w 256 -80 176 -80 0
w 288 -96 1376 -96 0
w 256 -80 1120 -80 0
w 1136 144 1120 144 0
w 1120 144 1120 -80 0
o 4 16 0 x283013 2.098832655154328 0.0001 0 4 8 0.5 0 4 3 0.000049999999999999996 0 21 0 0.5 0 21 3 0.000049999999999999996 0
o 53 16 0 4099 5 0.00009765625 1 2 53 3
o 100 64 0 4099 5 0.00009765625 2 2 100 3
